1,12.732114,0.35887894,9.773792
2,15.380966,0.7317011,12.255501
3,15.059051,0.7436983,12.91362
4,17.324663,0.8200674,15.6989565
5,16.939245,0.80506414,15.770215
6,18.319626,0.8519601,14.926026
7,17.393038,0.84426147,14.514804
8,18.901705,0.8707676,13.661363
9,18.201591,0.8700941,14.8423395
10,17.94464,0.8751206,14.683127
11,19.187624,0.89009696,14.405702
12,19.198292,0.89113253,15.808718
13,18.9172,0.89012784,15.265392
14,19.552956,0.892011,14.659968
15,18.432837,0.8836438,15.766056
16,18.696388,0.8903017,14.216387
17,20.109646,0.9058823,15.913599
18,19.783722,0.90021104,15.8819475
19,20.089113,0.90498877,15.600745
20,20.14728,0.9048025,15.512171
21,19.660616,0.9099272,15.321959
22,20.70685,0.9153552,14.632471
23,20.364767,0.9145212,15.365168
24,19.232529,0.9032407,15.448713
25,20.460527,0.91716844,15.258429
26,20.163614,0.911998,17.360594
27,19.971857,0.9105355,15.919046
28,20.958591,0.9227422,15.55492
29,20.2857,0.91282034,16.638695
30,21.106627,0.9245529,16.164867
31,19.843683,0.9093094,15.974659
32,20.40277,0.9142391,16.283018
33,20.106844,0.9160654,16.766926
34,20.1196,0.91661334,15.91202
35,20.83322,0.9222564,15.670943
36,20.777445,0.923275,15.512454
37,20.681341,0.92163634,16.297493
38,21.212587,0.9276101,15.871618
39,21.126772,0.9280758,16.33442
40,21.232574,0.9240141,15.629081
41,20.969511,0.9255263,16.280197
42,21.358644,0.93189985,16.534676
43,20.857187,0.92497116,17.10281
44,20.71686,0.914931,16.164373
45,21.091835,0.9246947,15.891821
46,20.945993,0.9229245,16.17837
47,21.47663,0.93413424,16.262825
48,20.202131,0.9178729,17.29916
49,20.812151,0.92843884,17.45771
50,21.73564,0.93432,16.610336
51,20.883406,0.92600274,16.754541
52,21.247124,0.9267118,15.959014
53,21.890314,0.9340105,16.155104
54,21.325651,0.92910093,17.788307
55,20.966536,0.92743796,17.144133
56,21.217321,0.92724293,17.962904
57,20.724844,0.9237434,18.101526
58,21.462317,0.92876697,17.65297
59,21.597366,0.9305436,15.729138
60,21.763239,0.9348912,17.755516
61,20.679918,0.9226641,17.687723
62,21.165588,0.9298964,17.27176
63,21.898546,0.93415004,16.499512
64,21.856361,0.9332387,16.521044
65,21.168404,0.92701405,18.50047
66,21.23035,0.92386526,17.095291
67,21.03361,0.93142277,17.2593
68,21.328798,0.931695,18.696054
69,21.157362,0.92843366,18.595303
70,21.002153,0.9258025,18.001333
71,21.627954,0.93560654,17.95535
72,21.37496,0.9322687,18.288662
73,21.721794,0.9329221,17.602905
74,21.208282,0.93084526,18.543945
75,21.721909,0.9320528,18.321453
76,21.65728,0.9320337,17.595985
77,21.18572,0.9260907,19.897015
78,22.086222,0.9376065,17.809555
79,21.721664,0.9353048,16.807001
80,21.23889,0.9287192,18.6686
81,22.03893,0.9370238,18.536758
82,20.973137,0.91902107,18.387074
83,22.027735,0.9382155,18.486246
84,22.045115,0.93775296,18.765762
85,21.925505,0.93533677,16.994156
86,21.918055,0.93752223,17.328672
87,21.923365,0.9372757,17.389421
88,22.071764,0.9380376,18.463781
89,21.670975,0.9329297,17.420801
90,21.681482,0.93435735,18.372375
91,22.063232,0.93705624,18.098948
92,20.132164,0.9014456,17.13404
93,21.70032,0.93430233,17.10369
94,21.54921,0.93356997,18.628931
95,21.901518,0.9356157,18.93744
96,21.727942,0.9328119,18.415123
97,21.669754,0.93292594,17.62147
98,21.57311,0.9311555,19.098446
99,22.110933,0.936975,17.77951
100,21.641777,0.93576026,19.02587
101,21.304209,0.9317929,19.005606
102,22.085068,0.9379075,18.686298
103,22.174273,0.9379867,17.422
104,21.884903,0.9340351,17.93929
105,21.795776,0.93442607,19.293823
106,21.629831,0.933028,19.41346
107,21.745867,0.93269634,18.013649
108,21.663124,0.9321757,17.37667
109,21.72212,0.93217325,19.12447
110,22.000895,0.9383151,19.189629
111,21.973478,0.93761253,18.39336
112,22.203415,0.9388609,17.71203
113,22.227013,0.93996614,18.043303
114,21.798615,0.93210906,18.174395
115,21.610872,0.93614405,19.237505
116,22.03031,0.9355318,18.34749
117,21.634615,0.9334197,17.71511
118,21.89431,0.9353574,19.284618
119,21.60434,0.9315648,18.901562
120,22.156866,0.9399471,18.121428
121,21.598028,0.9295685,18.97583
122,21.966906,0.9366515,18.442572
123,22.23229,0.93893296,17.995949
124,21.673439,0.9301885,17.874376
125,22.090105,0.9397735,18.857067
126,21.536667,0.93423057,19.058485
127,22.024061,0.9337001,17.717794
128,21.31047,0.9288152,18.700428
129,21.76822,0.932796,19.074451
130,21.326307,0.9291935,17.885254
131,21.90396,0.9360927,17.777231
132,21.363985,0.93094665,18.733633
133,21.669046,0.9325435,19.16038
134,21.676218,0.93459195,18.460768
135,22.154684,0.9375542,18.227007
136,21.67975,0.9355693,18.103657
137,22.29586,0.93857235,17.636557
138,22.14904,0.93883294,18.786182
139,21.815247,0.9345408,19.554955
140,22.251207,0.93887085,17.480734
141,21.342033,0.9308233,19.78746
142,22.127272,0.94003105,17.748718
143,21.235254,0.93131256,19.396164
144,22.01661,0.93773633,19.283663
145,22.1611,0.9399853,19.395561
146,21.92866,0.9370573,18.976046
147,21.920794,0.937179,18.069675
148,20.838482,0.93053705,18.906485
149,21.957993,0.936219,17.969664
150,21.736555,0.9345048,18.25066
151,22.071974,0.9375849,18.98337
152,21.993277,0.937043,17.659197
153,22.215765,0.9397519,18.4444
154,21.480886,0.9349024,19.02633
155,22.052618,0.93442744,18.583014
156,21.998772,0.9356218,18.478617
157,21.23056,0.92985755,19.089376
158,21.667816,0.9339637,18.959179
159,21.924479,0.93708163,17.815367
160,21.88028,0.9338789,19.313967
161,22.376184,0.9413867,18.523987
162,21.924036,0.93709326,18.74209
163,21.93274,0.93673515,19.923666
164,21.417627,0.9299557,21.07513
165,21.898798,0.93577194,18.56659
166,22.065628,0.93719107,19.266851
167,21.406387,0.9332165,20.944115
168,21.401283,0.9266596,19.91418
169,21.97143,0.936805,19.525366
170,22.014954,0.93686277,19.404108
171,21.66308,0.93473834,19.434298
172,21.963442,0.9362855,19.657486
173,21.462572,0.9303495,20.040674
174,22.18235,0.93811494,19.782215
175,21.968658,0.9356323,19.74864
176,21.71731,0.93383956,20.351694
177,21.825102,0.93436915,20.394304
178,21.474318,0.93409586,20.892387
179,21.05242,0.92909145,20.423496
180,22.340204,0.94071835,18.893715
181,22.178589,0.93922347,19.5959
182,21.369629,0.9325299,20.167784
183,22.024359,0.93854445,19.621971
184,21.638548,0.9315488,20.957735
185,21.972612,0.93638825,19.476954
186,22.003355,0.9355726,18.193167
187,21.51705,0.9290581,19.744104
188,21.864914,0.9367339,20.539717
189,22.264193,0.9403949,18.293
190,22.02331,0.9356427,18.305916
191,22.125944,0.9399254,18.786108
192,21.663599,0.9339605,18.769745
193,21.737543,0.9335806,20.000866
194,21.734003,0.93524104,19.287436
195,21.661346,0.93442106,20.191326
196,22.032187,0.93735915,18.833788
197,21.876715,0.9343934,19.50782
198,21.830278,0.935595,19.878506
199,22.00239,0.93674684,20.047752
200,22.014084,0.9366434,19.98894
201,21.924133,0.9345989,21.305403
202,22.353174,0.94042474,18.942724
203,21.985641,0.9373488,19.873812
204,22.062708,0.93669796,20.147276
205,21.876251,0.9336483,19.772865
206,22.134604,0.93934125,20.304377
207,22.099752,0.9366179,20.189987
208,22.087463,0.9369342,20.585157
209,21.77521,0.93669677,21.416594
210,21.173645,0.92996407,20.65329
211,22.24816,0.93896645,19.161877
212,21.67393,0.9350312,21.084387
211,22.019554,0.93679315,20.932106
212,21.758064,0.93466306,21.816847
213,22.059057,0.937753,20.903372
214,21.80961,0.9338053,21.158813
215,21.942083,0.9348259,19.76758
216,21.601698,0.9367521,20.917547
217,21.452143,0.9312775,20.841341
218,21.799301,0.9353318,22.237034
219,21.81014,0.9355829,22.34146
220,21.91239,0.93664235,22.16165
221,21.52448,0.9299907,22.38759
222,21.588896,0.93268126,21.987
223,21.69383,0.93315125,22.931108
224,21.814447,0.93251795,21.392231
225,22.01654,0.93664503,21.33059
226,21.981695,0.93671876,20.319044
227,21.672913,0.93158525,21.836529
228,22.199615,0.9384859,21.666288
229,21.586752,0.9319312,23.582167
230,22.314203,0.9409418,20.867603
231,21.771759,0.9317631,21.795305
232,21.571917,0.9316349,22.206026
233,21.978704,0.9383802,22.016533
234,21.895365,0.9346733,22.617352
235,21.7342,0.93274015,23.239212
236,21.73899,0.9344573,23.167858
237,21.925049,0.93571764,23.35255
238,21.521652,0.932641,23.995708
239,21.772415,0.933382,23.624926
240,21.69889,0.9333026,23.24708
241,21.794418,0.93425626,22.826307
242,22.119814,0.9379391,22.066437
243,21.62861,0.9341176,24.031803
244,21.822067,0.93504596,23.739878
245,21.928156,0.9343354,22.008722
246,21.696922,0.932401,23.629086
247,21.493368,0.93094844,23.6761
248,21.750822,0.93382055,22.641268
249,21.736465,0.93323153,23.73638
250,21.945078,0.93589145,23.551567
251,21.429373,0.9319404,23.796392
252,21.886992,0.93465644,24.084631
253,22.050459,0.9383642,23.83488
254,21.775415,0.93476874,24.118149
255,21.499054,0.9352681,23.725365
256,21.790625,0.93604714,24.026407
257,21.95485,0.93696266,24.13701
258,21.776857,0.9357559,24.81965
259,21.573965,0.93276757,24.813253
260,21.544952,0.9314411,25.012976
261,21.467615,0.93200904,25.277468
262,21.609232,0.9334273,26.34279
263,21.57989,0.9315212,26.528385
264,21.793846,0.93106365,25.59409
265,21.154886,0.9286735,27.547518
266,21.374884,0.9291125,26.093819
267,21.751448,0.93354505,24.767967
268,21.625425,0.93259686,25.837856
269,21.70498,0.9345207,26.15261
270,21.508371,0.93330234,25.058922
271,21.259338,0.9260853,27.17754
272,21.478006,0.92925906,26.743069
273,21.77118,0.93404436,26.127554
274,21.517609,0.9314545,26.085745
275,21.405945,0.93102974,26.44089
276,21.46181,0.93020207,25.91163
277,21.696167,0.93416387,25.28408
278,21.575026,0.9312372,26.032534
279,21.68952,0.9358509,26.425734
280,21.444551,0.929578,26.569733
281,21.728632,0.9340319,26.036972
282,21.726532,0.93479985,26.452444
283,21.655706,0.93364406,27.291798
284,21.043543,0.9254795,26.864075
285,21.567207,0.9315786,27.08904
286,21.453222,0.93019325,27.855696
287,21.325884,0.92923194,27.922283
288,21.800568,0.9353821,27.010592
289,21.625092,0.93281585,27.05164
290,21.650436,0.93260354,27.573036
291,21.696993,0.93219644,26.524424
292,21.66379,0.9307882,26.252615
293,21.557337,0.93087935,28.116823
294,21.698868,0.9337509,27.971325
295,21.79632,0.9339239,26.903622
296,21.545204,0.9295957,28.634163
297,21.588377,0.9317438,28.570488
298,21.359198,0.9274233,27.896727
299,21.560152,0.93257123,28.404213
300,21.486582,0.9309477,27.710611
301,20.912012,0.9244287,31.394564
302,21.50814,0.93115664,30.36387
303,21.446524,0.9308753,31.15963
304,21.448462,0.92920727,29.964705
305,21.571577,0.9308911,30.098038
306,21.476171,0.92994386,30.649733
307,21.046692,0.9242076,31.544271
308,21.47139,0.9291878,29.202246
309,21.44721,0.9298808,31.39085
310,21.546303,0.9313248,30.215216
311,21.695364,0.93325996,29.874739
312,21.273907,0.9255154,30.741873
313,20.902885,0.9224725,32.462437
314,21.326204,0.9269442,31.967865
315,21.441057,0.9299552,32.47595
316,21.133665,0.92647105,32.10458
317,20.88244,0.92191935,33.46417
318,21.30169,0.929497,32.848736
319,21.488058,0.93064547,31.661177
320,21.055605,0.92496175,32.43222
321,21.032148,0.92553777,33.329018
322,21.189262,0.92583436,33.540543
323,21.001925,0.9261344,33.585358
324,20.950747,0.9213342,32.181797
325,21.343897,0.92818135,33.094402
326,21.335485,0.9268513,32.47385
327,21.135117,0.92656755,33.652725
328,21.304844,0.92803454,33.207634
329,21.164902,0.9275163,33.57692
330,21.49476,0.9301834,33.077583
331,21.267458,0.92737675,33.26886
332,21.270658,0.9275783,33.40167
333,20.708912,0.9231284,35.50422
334,20.53663,0.9183437,34.944733
335,21.321054,0.92876834,35.527855
336,21.3327,0.9288408,35.45047
337,20.896513,0.92193633,36.412075
338,21.113588,0.92561936,35.728096
339,20.98971,0.9251048,34.351696
340,21.28118,0.92708796,35.1035
341,21.162651,0.92534107,35.409504
342,20.671904,0.9191744,36.141224
343,20.962229,0.9238384,37.89534
344,21.025358,0.9232402,36.791077
345,21.147055,0.9250393,37.12581
346,21.001516,0.92456865,38.136524
347,21.040447,0.92525786,37.24717
348,20.69453,0.9194603,37.341335
349,21.099678,0.92416376,37.40258
350,21.008162,0.9234438,37.296143
351,20.8426,0.919473,36.347183
352,20.708715,0.92111635,37.73196
353,20.702026,0.9181883,36.94851
354,20.90329,0.92318606,38.69953
355,20.98976,0.9236133,39.09903
356,20.80128,0.9216161,38.498802
357,21.040058,0.9246571,38.393307
358,20.963575,0.9220088,39.53586
359,20.944128,0.92180777,37.789104
360,20.918753,0.92362636,38.540447
361,20.742344,0.9201277,41.05868
362,20.549776,0.91827303,42.319843
363,21.139565,0.92500955,39.600525
364,20.994726,0.92419434,41.835743
365,20.448334,0.91590434,42.449192
366,20.406004,0.9153118,43.797234
367,20.400728,0.9143312,41.891174
368,20.64348,0.92075235,43.600204
369,20.645264,0.9178621,42.718887
370,20.440248,0.9172676,43.534935
371,20.473722,0.9166651,42.86474
372,20.520704,0.9169531,42.893074
373,20.73338,0.9203598,43.719513
374,20.843458,0.919985,41.41255
375,20.711815,0.9188459,41.776188
376,20.651628,0.9171106,43.69112
377,20.747343,0.92104954,44.361977
378,20.330477,0.9126525,45.61665
379,20.631277,0.916385,42.193413
380,20.46022,0.9169061,44.196777
381,20.380495,0.91410106,44.40671
382,20.687706,0.919388,44.509262
383,20.852488,0.92095214,42.873325
384,20.51238,0.9157901,45.909958
385,20.29644,0.9139742,44.409935
386,20.255632,0.911915,46.951035
387,20.48706,0.9152283,44.713047
388,20.644444,0.9186428,44.320095
389,20.535847,0.91637975,44.756794
390,20.62417,0.9171388,44.906464
391,20.47381,0.91706324,45.760357
392,20.60836,0.91787845,45.781303
393,20.521944,0.9155979,43.313087
394,20.705235,0.91909796,44.48066
395,20.679007,0.91604614,42.608368
396,20.4231,0.9152818,45.13907
397,20.467192,0.9159858,45.988888
398,20.796375,0.91959554,44.298584
399,20.489862,0.9148331,45.150696
400,20.009346,0.91049355,48.332527
401,20.460424,0.9140827,45.515068
402,20.500011,0.9144147,46.174744
403,20.33401,0.9142411,49.654213
404,20.235502,0.9124318,50.143726
405,20.376509,0.9143602,48.112865
406,20.32948,0.91297287,47.416378
407,20.348658,0.9129698,47.159657
408,20.322145,0.91322494,49.048256
409,20.391802,0.9152562,47.392765
410,20.30499,0.91264254,49.097153
411,20.247902,0.91055125,49.31786
412,20.159767,0.908432,49.16225
413,20.280306,0.9126757,48.60099
414,20.179667,0.9104611,48.829987
415,20.382961,0.9134829,48.91686
416,20.3003,0.9125943,46.633987
417,20.071342,0.9071477,47.84874
418,20.396269,0.9142623,47.396805
419,20.295969,0.9131902,47.921566
420,20.26454,0.9119711,49.527714
421,20.18379,0.91096544,48.72545
422,20.176935,0.91025,48.56233
423,20.10163,0.91101867,47.93572
424,20.169695,0.90934116,48.60021
425,20.283758,0.91214895,48.891003
426,19.98741,0.90966576,51.412136
427,20.073435,0.90989715,51.02937
428,19.892054,0.90668154,50.390526
429,20.026882,0.90897036,51.71249
430,20.051178,0.9053801,51.790707
431,20.091352,0.90909654,51.31987
432,20.100584,0.90947336,50.90731
433,20.023453,0.90725595,52.544487
434,20.103424,0.9100359,53.878082
435,20.159704,0.9096295,51.766888
436,20.120562,0.9084849,51.17544
437,19.898058,0.9058344,52.68819
438,20.081594,0.90773505,52.16329
439,20.22277,0.9095592,49.20173
440,20.189287,0.9123979,51.657093
441,19.828453,0.9031277,51.748455
442,20.258364,0.9131131,50.49204
443,20.146154,0.9086847,50.112183
444,20.054617,0.90576506,50.921852
445,20.277102,0.91294533,50.99562
446,20.124437,0.90798426,49.548077
447,20.189318,0.9102218,50.094105
448,20.076921,0.91072845,51.132885
449,20.207006,0.9107186,50.55461
450,20.100538,0.9115518,50.766747
451,19.835037,0.90547997,53.504704
452,20.042126,0.90799826,53.421555
453,20.107038,0.90842915,50.42763
454,19.837885,0.9053512,54.478966
455,19.99468,0.9052152,53.545094
456,19.734198,0.90118235,54.752045
457,20.141617,0.91119194,52.828625
458,19.815525,0.90370446,54.054543
459,19.722918,0.90215397,56.928215
460,19.627943,0.9022176,57.586002
461,19.780098,0.9048414,54.49735
462,19.524048,0.8961502,56.361996
463,19.911028,0.90587425,55.32484
464,20.080187,0.90843135,53.114258
465,20.049032,0.90790576,53.274567
466,19.748726,0.90242076,55.82039
467,20.008005,0.9107563,55.462975
468,19.803318,0.90256315,54.878933
469,19.919394,0.9050991,55.32032
470,19.442486,0.89703435,56.5325
471,19.59751,0.8991898,57.41156
472,19.709808,0.9022208,56.72221
473,19.8971,0.9057749,53.63681
474,19.867855,0.9052643,53.526184
475,19.878489,0.90576935,55.419613
476,19.56683,0.90283823,58.399734
477,19.989233,0.9071689,53.47078
478,19.954153,0.9050247,54.60121
479,19.552042,0.90013057,59.585945
480,19.885519,0.90469855,53.625076
481,19.765257,0.9046425,56.222775
482,19.736135,0.9038424,56.984447
483,19.907206,0.90332574,56.025234
484,19.797812,0.9050291,56.413765
485,19.597216,0.9003064,57.146797
486,19.918886,0.90482074,54.901123
487,19.72569,0.90355414,56.942753
488,19.406374,0.89625216,57.15111
489,19.623274,0.89853317,56.86419
490,19.604479,0.89861465,58.07195
491,19.336489,0.89636016,61.895504
492,19.664104,0.90060997,59.398945
493,19.266672,0.89456147,60.90381
494,19.573143,0.90052253,58.824734
495,19.662916,0.9003871,58.974136
496,19.626844,0.9022452,58.99258
497,19.644922,0.90036154,59.397366
498,19.833282,0.9056275,56.261555
499,19.595669,0.9012005,59.54482
500,19.485123,0.8982695,58.155323
501,19.744719,0.9028743,58.886642
502,19.72833,0.9029668,57.717342
503,19.42335,0.89515495,58.77787
